<?xml version="1.0"?>
<opencv_storage>
<!-- random blobs in camera coordinate system -->
<cam_pts type_id="opencv-matrix">
  <rows>164</rows>
  <cols>2</cols>
  <dt>f</dt>
  <data>
    2.58274658e+002 6.63693298e+002 3.07008545e+002 6.73947083e+002
    3.56903687e+002 6.81524719e+002 4.07548767e+002 6.86453674e+002
    4.58891724e+002 6.88796753e+002 5.10709961e+002 6.88972107e+002
    5.63215393e+002 6.86924072e+002 6.15803406e+002 6.82615845e+002
    6.68094666e+002 6.76026245e+002 7.20462524e+002 6.67131714e+002
    7.72145142e+002 6.55974670e+002 8.23250854e+002 6.42360168e+002
    8.73629761e+002 6.26389038e+002 9.22834656e+002 6.08367432e+002
    9.70692139e+002 5.87788147e+002 1.01737970e+003 5.64341003e+002
    1.06243677e+003 5.38457153e+002 1.10563965e+003 5.09701813e+002
    2.48627655e+002 6.97376465e+002 2.99163269e+002 7.08644958e+002
    3.50846222e+002 7.17067200e+002 4.03311646e+002 7.22743896e+002
    4.56445923e+002 7.25710022e+002 5.10154999e+002 7.26160217e+002
    5.64384521e+002 7.24210815e+002 6.18853455e+002 7.20001404e+002
    6.73198914e+002 7.13288696e+002 7.27428284e+002 7.04003479e+002
    7.80869507e+002 6.92337585e+002 8.33838257e+002 6.78180298e+002
    8.85956970e+002 6.61487000e+002 9.36748108e+002 6.42352844e+002
    9.86192871e+002 6.20688354e+002 1.03417444e+003 5.95953186e+002
    1.08077319e+003 5.68488892e+002 1.12525195e+003 5.38072632e+002
    2.38621414e+002 7.31962097e+002 2.90716888e+002 7.44278748e+002
    3.44267456e+002 7.53864563e+002 3.98634521e+002 7.60144409e+002
    4.53649261e+002 7.63873535e+002 5.09375519e+002 7.64733887e+002
    5.65523132e+002 7.62846130e+002 6.22028992e+002 7.58477112e+002
    6.78324890e+002 7.51655151e+002 7.34531738e+002 7.42083923e+002
    7.89951965e+002 7.29996765e+002 8.44803772e+002 7.15143616e+002
    8.98820435e+002 6.97559937e+002 9.51407898e+002 6.77343811e+002
    1.00252234e+003 6.54649048e+002 1.05200024e+003 6.28614624e+002
    1.10003394e+003 5.99399109e+002 1.14592029e+003 5.66747437e+002
    2.27672089e+002 7.66880127e+002 2.81717865e+002 7.80653198e+002
    3.37042725e+002 7.91349670e+002 3.93538635e+002 7.98563477e+002
    4.50565338e+002 8.02999573e+002 5.08423981e+002 8.04418701e+002
    5.66668396e+002 8.02803040e+002 6.25253174e+002 7.98460205e+002
    6.83659302e+002 7.91391235e+002 7.42021729e+002 7.81672546e+002
    7.99468567e+002 7.68992615e+002 8.56467773e+002 7.53313110e+002
    9.12282715e+002 7.34879700e+002 9.66646484e+002 7.13582825e+002
    1.01967938e+003 6.89309692e+002 1.07076477e+003 6.61416443e+002
    1.12033521e+003 6.30207031e+002 1.16770044e+003 5.95274719e+002
    2.15851273e+002 8.02399292e+002 2.71853973e+002 8.18060486e+002
    3.29493713e+002 8.29869995e+002 3.87743805e+002 8.38173157e+002
    4.47082733e+002 8.43433594e+002 5.07089661e+002 8.45512817e+002
    5.67755310e+002 8.44243286e+002 6.28391663e+002 8.39867310e+002
    6.89286804e+002 8.32627808e+002 7.49792358e+002 8.22364990e+002
    8.09469849e+002 8.09130005e+002 8.68466248e+002 7.92634216e+002
    9.26391418e+002 7.73163269e+002 9.82818481e+002 7.50447998e+002
    1.03752783e+003 7.24597351e+002 1.09057727e+003 6.95069214e+002
    1.14180017e+003 6.61272949e+002 1.19032422e+003 6.24081848e+002
    2.02700668e+002 8.38455627e+002 2.61324554e+002 8.55980774e+002
    3.21119293e+002 8.69456177e+002 3.81648376e+002 8.78837708e+002
    4.43185455e+002 8.84869629e+002 5.05431610e+002 8.87514282e+002
    5.68557129e+002 8.86756897e+002 6.31749512e+002 8.82513550e+002
    6.94790833e+002 8.75060486e+002 7.57838318e+002 8.64444824e+002
    8.19939636e+002 8.50570496e+002 8.81122192e+002 8.33271973e+002
    9.41233765e+002 8.12471008e+002 9.99900818e+002 7.88401794e+002
    1.05623792e+003 7.60652771e+002 1.11118896e+003 7.28777832e+002
    1.16437036e+003 6.92721863e+002 1.21457983e+003 6.52022644e+002
    1.88724655e+002 8.74790771e+002 2.49781433e+002 8.94433594e+002
    3.11717499e+002 9.09515198e+002 3.74830536e+002 9.20724182e+002
    4.38746094e+002 9.27542114e+002 5.03421051e+002 9.30998718e+002
    5.69221069e+002 9.30695923e+002 6.34968689e+002 9.26556519e+002
    7.00514709e+002 9.18973572e+002 7.66071106e+002 9.07705261e+002
    8.30726685e+002 8.93060364e+002 8.94348450e+002 8.74888306e+002
    9.57041321e+002 8.52534424e+002 1.01742627e+003 8.26924011e+002
    1.07637061e+003 7.96731079e+002 1.13326306e+003 7.62533386e+002
    1.18820740e+003 7.23789978e+002 1.24047375e+003 6.79529541e+002
    1.72269730e+002 9.10054993e+002 2.36406204e+002 9.33149780e+002
    3.00899628e+002 9.49680969e+002 3.66758026e+002 9.62673096e+002
    4.33758911e+002 9.70859619e+002 5.01109528e+002 9.75293091e+002
    5.69458679e+002 9.75425354e+002 6.38065491e+002 9.71529602e+002
    7.06390747e+002 9.63658813e+002 7.75003357e+002 9.51998779e+002
    8.41963501e+002 9.36596558e+002 9.08315369e+002 9.17155396e+002
    9.73110107e+002 8.93158752e+002 1.03621802e+003 8.65608154e+002
    1.09771838e+003 8.33156677e+002 1.15654053e+003 7.96449585e+002
    1.21385229e+003 7.53375000e+002 1.54203690e+002 9.44594482e+002
    2.21367157e+002 9.71017700e+002 2.89205872e+002 9.90563477e+002
    3.57297852e+002 1.00506555e+003 7.12638000e+002 1.00986682e+003
    7.83595032e+002 9.97493896e+002 8.53848083e+002 9.80830200e+002
    9.23360291e+002 9.60292908e+002 9.91086121e+002 9.34731079e+002
    1.05641467e+003 9.04657898e+002 1.12051465e+003 8.69819580e+002
    1.18154382e+003 8.28670593e+002 1.24102625e+003 7.81350830e+002
    1.33006424e+002 9.77604980e+002 2.03237198e+002 1.00761499e+003
    9.38556091e+002 1.00386627e+003 1.00895270e+003 9.76267700e+002
    1.07779944e+003 9.43270935e+002 1.14466699e+003 9.04876770e+002
    1.20929065e+003 8.59068359e+002 1.10153577e+003 9.81154541e+002</data></cam_pts>
<!-- blobs in projector coordinate system -->
