<?xml version="1.0"?>
<opencv_storage>
<!-- random blobs in camera coordinate system -->
<cam_pts type_id="opencv-matrix">
  <rows>147</rows>
  <cols>2</cols>
  <dt>f</dt>
  <data>
    1.11188391e+003 3.64560394e+002 1.06218750e+003 3.43745361e+002
    1.01161597e+003 3.27339111e+002 9.60122375e+002 3.14283783e+002
    9.07714478e+002 3.04280945e+002 8.54607483e+002 2.97189758e+002
    8.00979553e+002 2.92762451e+002 7.47114502e+002 2.91119110e+002
    6.93351257e+002 2.91856415e+002 6.39483582e+002 2.95217224e+002
    5.86315918e+002 3.00962006e+002 5.33511902e+002 3.09392731e+002
    4.81550140e+002 3.20032837e+002 4.30675659e+002 3.33364868e+002
    3.80871002e+002 3.49235077e+002 3.32394012e+002 3.67357910e+002
    2.85407593e+002 3.88051941e+002 2.40234863e+002 4.11382599e+002
    1.12434192e+003 3.31685272e+002 1.07371875e+003 3.10112091e+002
    1.02074292e+003 2.92070313e+002 9.67395569e+002 2.77839874e+002
    9.12811890e+002 2.67151459e+002 8.57932678e+002 2.59424255e+002
    8.02235107e+002 2.54706497e+002 7.46334534e+002 2.52904449e+002
    6.90626404e+002 2.53675385e+002 6.34873901e+002 2.57199524e+002
    5.79646729e+002 2.63450623e+002 5.25106018e+002 2.72430145e+002
    4.71208893e+002 2.83903625e+002 4.18574188e+002 2.97913177e+002
    3.67274872e+002 3.14872498e+002 3.17238678e+002 3.34281433e+002
    2.68818359e+002 3.56229218e+002 2.22147079e+002 3.81215973e+002
    1.13796252e+003 2.98746735e+002 1.08511560e+003 2.75128723e+002
    1.03029993e+003 2.55670654e+002 9.74866150e+002 2.40530472e+002
    9.18559326e+002 2.28528427e+002 8.61407532e+002 2.20414261e+002
    8.03622437e+002 2.15247086e+002 7.45722900e+002 2.13311584e+002
    6.87803162e+002 2.14332932e+002 6.29902649e+002 2.18169678e+002
    5.72718811e+002 2.24756470e+002 5.16119934e+002 2.34278854e+002
    4.60376190e+002 2.46604782e+002 4.05802643e+002 2.61509308e+002
    3.52730591e+002 2.79631897e+002 3.01221039e+002 3.00022522e+002
    2.51237625e+002 3.23629822e+002 2.03028000e+002 3.50334381e+002
    1.15270557e+003 2.65644440e+002 1.09726697e+003 2.39605530e+002
    1.04047949e+003 2.18451782e+002 9.82979980e+002 2.02148056e+002
    9.24602966e+002 1.89377899e+002 8.65301758e+002 1.80195602e+002
    8.05238586e+002 1.74742081e+002 7.45001099e+002 1.72485306e+002
    6.84929932e+002 1.73637894e+002 6.24670593e+002 1.77707733e+002
    5.65352173e+002 1.84657928e+002 5.06586304e+002 1.94863159e+002
    4.48785889e+002 2.08084610e+002 3.92297882e+002 2.23957535e+002
    3.37483612e+002 2.43067993e+002 2.84244232e+002 2.65379486e+002
    2.32681030e+002 2.90581085e+002 1.83138779e+002 3.19507935e+002
    1.16846643e+003 2.32091995e+002 1.11090125e+003 2.03446274e+002
    1.05160327e+003 1.80687042e+002 9.91879272e+002 1.62596024e+002
    9.30880005e+002 1.48817535e+002 8.69360596e+002 1.39002548e+002
    8.06891418e+002 1.32724930e+002 7.44275391e+002 1.30281799e+002
    6.81659729e+002 1.31426224e+002 6.19174255e+002 1.35729645e+002
    5.57553162e+002 1.43388535e+002 4.96610779e+002 1.54323547e+002
    4.36602478e+002 1.68459610e+002 3.78090729e+002 1.85758530e+002
    3.21467773e+002 2.06147934e+002 2.66353333e+002 2.29847595e+002
    2.12944473e+002 2.57231750e+002 1.61798019e+002 2.88025635e+002
    1.18602014e+003 1.99196808e+002 1.12562659e+003 1.67845749e+002
    1.06391565e+003 1.42213181e+002 1.00107074e+003 1.22666733e+002
    9.37900940e+002 1.07356911e+002 8.73688660e+002 9.64273453e+001
    8.08899353e+002 8.98230591e+001 7.43608826e+002 8.68784485e+001
    6.78478699e+002 8.78203354e+001 6.13468811e+002 9.27428589e+001
    5.49276062e+002 1.00709541e+002 4.85830963e+002 1.12485367e+002
    4.23747711e+002 1.27760590e+002 3.62927673e+002 1.46394516e+002
    3.04163361e+002 1.68302322e+002 2.46988861e+002 1.94183487e+002
    1.92236435e+002 2.23368454e+002 1.39106323e+002 2.56585541e+002
    1.20422998e+003 1.67294388e+002 1.14124133e+003 1.32136948e+002
    1.07740784e+003 1.03832123e+002 1.01170172e+003 8.16483994e+001
    9.45559753e+002 6.50329971e+001 8.78630371e+002 5.29414749e+001
    8.10903503e+002 4.57401161e+001 7.42850403e+002 4.22485199e+001
    6.74951965e+002 4.32328720e+001 6.07339722e+002 4.84847298e+001
    5.40413574e+002 5.72994766e+001 4.74453827e+002 6.98906631e+001
    4.09807526e+002 8.65338287e+001 3.47049683e+002 1.06700142e+002
    2.86167908e+002 1.30409790e+002 2.26531418e+002 1.58267014e+002
    1.69981827e+002 1.90089981e+002 1.15134766e+002 2.26299576e+002
    1.15889111e+003 9.68630142e+001 1.09155322e+003 6.52946396e+001
    1.02306445e+003 4.06177711e+001 9.53793396e+002 2.18690701e+001
    5.31039734e+002 1.29495964e+001 4.62228058e+002 2.63932114e+001
    3.95055054e+002 4.41800766e+001 3.29888947e+002 6.59311371e+001
    2.66464233e+002 9.18118744e+001 2.05071014e+002 1.22210526e+002
    1.46001968e+002 1.57163925e+002 8.91706772e+001 1.97052155e+002
    1.10770020e+003 2.78004951e+001 3.11350830e+002 2.53817101e+001
    2.45337769e+002 5.36273270e+001 1.81801651e+002 8.64334488e+001
    1.20244514e+002 1.25511322e+002 6.14280243e+001 1.69530106e+002
    2.21539688e+002 1.63498230e+001 1.55378052e+002 5.26458931e+001
    9.13679886e+001 9.64123840e+001</data></cam_pts>
<!-- blobs in projector coordinate system -->
