<?xml version="1.0"?>
<opencv_storage>
<!-- random blobs in camera coordinate system -->
<cam_pts type_id="opencv-matrix">
  <rows>199</rows>
  <cols>2</cols>
  <dt>f</dt>
  <data>
    7.18225769e+002 8.89259460e+002 6.74080078e+002 9.00434570e+002
    6.28948120e+002 9.11968262e+002 5.83577759e+002 9.23353760e+002
    5.37579956e+002 9.34086121e+002 4.91823792e+002 9.45314941e+002
    4.45444519e+002 9.55995422e+002 3.99618774e+002 9.66614685e+002
    3.54680939e+002 9.77382751e+002 3.09520538e+002 9.87296875e+002
    2.65385193e+002 9.97026367e+002 2.23844223e+002 1.00760217e+003
    7.09665161e+002 8.56065735e+002 6.64407776e+002 8.66717529e+002
    6.18196228e+002 8.77268372e+002 5.71455933e+002 8.87613953e+002
    5.24403687e+002 8.98050354e+002 4.77326782e+002 9.08216797e+002
    4.29882965e+002 9.18125610e+002 3.82454163e+002 9.27930908e+002
    3.35639038e+002 9.37460938e+002 2.89423676e+002 9.46666260e+002
    2.43748001e+002 9.55876038e+002 1.99944534e+002 9.64669373e+002
    1.57849411e+002 9.73931885e+002 7.01859131e+002 8.21280212e+002
    6.55694946e+002 8.31216553e+002 6.08863403e+002 8.40995850e+002
    5.60965576e+002 8.50737366e+002 5.12796997e+002 8.60153015e+002
    4.64285339e+002 8.69415955e+002 4.15516357e+002 8.78585571e+002
    3.66536652e+002 8.87320618e+002 3.18398193e+002 8.95837219e+002
    2.70563995e+002 9.04046692e+002 2.23846756e+002 9.11890991e+002
    1.78351624e+002 9.19770874e+002 1.34345520e+002 9.27645081e+002
    9.27070313e+001 9.35407959e+002 6.95565430e+002 7.85457520e+002
    6.48688477e+002 7.94480957e+002 6.00836243e+002 8.03316772e+002
    5.51825500e+002 8.12008240e+002 5.02521027e+002 8.20650452e+002
    4.52913727e+002 8.28976807e+002 4.02862946e+002 8.37053284e+002
    3.52931061e+002 8.44913940e+002 3.03371521e+002 8.52406067e+002
    2.53963730e+002 8.59523987e+002 2.05990845e+002 8.66479797e+002
    1.58621643e+002 8.73142883e+002 1.13279396e+002 8.79432861e+002
    6.97382126e+001 8.86357910e+002 6.90607117e+002 7.48120911e+002
    6.42851868e+002 7.56169617e+002 5.94051575e+002 7.64060181e+002
    5.44344360e+002 7.71910156e+002 4.93848358e+002 7.79499634e+002
    4.43149780e+002 7.86823853e+002 3.91918060e+002 7.93909241e+002
    3.40749146e+002 8.00732605e+002 2.89812469e+002 8.07039490e+002
    2.39241409e+002 8.13073608e+002 1.89766464e+002 8.18822571e+002
    1.41644211e+002 8.24398560e+002 9.44380951e+001 8.29431091e+002
    4.97324181e+001 8.34207214e+002 6.86886047e+002 7.09543640e+002
    6.38348267e+002 7.16402344e+002 5.88692871e+002 7.23372437e+002
    5.38231323e+002 7.30160461e+002 4.86855927e+002 7.36678223e+002
    4.34896667e+002 7.42943420e+002 3.82709045e+002 7.48970215e+002
    3.30355591e+002 7.54708862e+002 2.78437592e+002 7.59883789e+002
    2.26574585e+002 7.64934998e+002 1.75644806e+002 7.69474731e+002
    1.26005875e+002 7.73516357e+002 7.78009567e+001 7.77237976e+002
    3.17411232e+001 7.80514709e+002 6.84569397e+002 6.69490540e+002
    6.35268616e+002 6.75427917e+002 5.84848633e+002 6.81190735e+002
    5.33518372e+002 6.86787537e+002 4.81330170e+002 6.92166504e+002
    4.28456512e+002 6.97335815e+002 3.74980042e+002 7.02219971e+002
    3.21600403e+002 7.06774353e+002 2.68517242e+002 7.10809998e+002
    2.15790619e+002 7.14492432e+002 1.63877090e+002 7.17560974e+002
    1.13096321e+002 7.20529480e+002 6.39319458e+001 7.22776367e+002
    1.67181549e+001 7.24943420e+002 6.83711060e+002 6.28295349e+002
    6.33701111e+002 6.33043762e+002 5.82515930e+002 6.37669189e+002
    5.30419434e+002 6.42088989e+002 4.77507874e+002 6.46269714e+002
    4.23825378e+002 6.50204407e+002 3.69414185e+002 6.53780945e+002
    3.15091980e+002 6.57110046e+002 2.60999054e+002 6.59883362e+002
    2.07184326e+002 6.62275757e+002 1.54312363e+002 6.64282471e+002
    1.02681023e+002 6.65645020e+002 5.23904419e+001 6.66213745e+002
    6.84228088e+002 5.86030090e+002 6.33783386e+002 5.89527710e+002
    5.81923401e+002 5.92883789e+002 5.29023621e+002 5.95975952e+002
    4.75361786e+002 5.98831421e+002 4.20999603e+002 6.01551758e+002
    3.65877838e+002 6.03736023e+002 3.10523438e+002 6.05676819e+002
    2.55497665e+002 6.07215332e+002 2.00850510e+002 6.08258057e+002
    1.47139404e+002 6.08573608e+002 9.48833237e+001 6.08310486e+002
    4.37205696e+001 6.08127441e+002 6.86347168e+002 5.42775146e+002
    6.35360046e+002 5.44883545e+002 5.82840759e+002 5.46824036e+002
    5.29439575e+002 5.48587402e+002 4.75096405e+002 5.50114807e+002
    4.20021088e+002 5.51271301e+002 3.64284241e+002 5.52263489e+002
    3.08245361e+002 5.52727539e+002 2.52413361e+002 5.52781189e+002
    1.97171204e+002 5.52373047e+002 1.42966873e+002 5.51485657e+002
    8.96609039e+001 5.49522156e+002 3.81564064e+001 5.47894226e+002
    6.90283264e+002 4.98496582e+002 6.38575256e+002 4.99212646e+002
    5.85622131e+002 4.99684845e+002 5.31690796e+002 5.00014709e+002
    4.76815735e+002 5.00073792e+002 4.21227264e+002 4.99848633e+002
    3.65018311e+002 4.99228424e+002 3.08517303e+002 4.98268341e+002
    2.52125610e+002 4.96937653e+002 1.96193054e+002 4.94978455e+002
    1.41286499e+002 4.92664093e+002 8.75407257e+001 4.89318329e+002
    3.55964165e+001 4.85589996e+002 6.95996948e+002 4.53373779e+002
    6.43880554e+002 4.52759644e+002 5.90352722e+002 4.51788605e+002
    5.35917664e+002 4.50614807e+002 4.80675354e+002 4.49077942e+002
    4.24551575e+002 4.47287384e+002 3.67961639e+002 4.45170990e+002
    3.10796967e+002 4.42645416e+002 2.54275360e+002 4.39681396e+002
    1.97934753e+002 4.36212708e+002 1.42902359e+002 4.32079376e+002
    8.90831833e+001 4.27373779e+002 3.69128265e+001 4.22008362e+002
    7.03056824e+002 4.07925293e+002 6.51089355e+002 4.05439148e+002
    5.97185120e+002 4.03081116e+002 5.42281494e+002 4.00284119e+002
    4.86578064e+002 3.97262512e+002 4.30286499e+002 3.93860718e+002
    3.73262390e+002 3.90160095e+002 3.16029755e+002 3.86080414e+002
    2.59191010e+002 3.81618225e+002 2.02907333e+002 3.76270172e+002
    1.47687057e+002 3.70635498e+002 9.41306534e+001 3.63939972e+002
    4.21966515e+001 3.56937378e+002 7.12371765e+002 3.61864685e+002
    6.59879578e+002 3.58076416e+002 6.06191284e+002 3.53971344e+002
    5.50930176e+002 3.49819885e+002 4.94861603e+002 3.45174835e+002
    4.38571991e+002 3.39884552e+002 3.81481537e+002 3.34515930e+002
    3.24098541e+002 3.28634796e+002 2.67283691e+002 3.22380951e+002
    2.10937180e+002 3.15550934e+002 1.55968964e+002 3.08318817e+002
    1.02559761e+002 2.99940002e+002 5.11494102e+001 2.91166016e+002
    7.23759338e+002 3.15627197e+002 6.71079407e+002 3.10229309e+002
    6.17167053e+002 3.04377502e+002 5.62248230e+002 2.98325165e+002
    5.06287567e+002 2.91952850e+002 4.49713104e+002 2.85246368e+002
    3.92422089e+002 2.78100311e+002 3.35506165e+002 2.70623047e+002
    2.78785645e+002 2.62668976e+002 2.22589157e+002 2.54387863e+002
    1.67691132e+002 2.45290802e+002 1.14725159e+002 2.35462173e+002
    6.42412491e+001 2.24082840e+002</data></cam_pts>
<!-- blobs in projector coordinate system -->
