<?xml version="1.0"?>
<opencv_storage>
<!-- random blobs in camera coordinate system -->
<cam_pts type_id="opencv-matrix">
  <rows>189</rows>
  <cols>2</cols>
  <dt>f</dt>
  <data>
    5.59751648e+002 1.13169495e+002 6.04807129e+002 1.00184235e+002
    6.50666138e+002 8.75003662e+001 6.97170898e+002 7.48656921e+001
    7.43966919e+002 6.26269760e+001 7.90397095e+002 5.03574715e+001
    8.37473877e+002 3.86489449e+001 8.83902710e+002 2.70725307e+001
    9.29681030e+002 1.58702850e+001 5.69934814e+002 1.46368546e+002
    6.16101929e+002 1.34203537e+002 6.62993958e+002 1.22122551e+002
    7.10723022e+002 1.10394783e+002 7.58541504e+002 9.87915421e+001
    8.06637390e+002 8.77440414e+001 8.54797485e+002 7.67476044e+001
    9.02915222e+002 6.62772598e+001 9.50667603e+002 5.60367165e+001
    9.96850830e+002 4.64582863e+001 1.04264514e+003 3.69878082e+001
    1.08692249e+003 2.75793991e+001 5.78661011e+002 1.80780945e+002
    6.25879395e+002 1.69546143e+002 6.73756104e+002 1.58408493e+002
    7.22436584e+002 1.47587265e+002 7.71605286e+002 1.36997894e+002
    8.20957397e+002 1.26754509e+002 8.70514771e+002 1.16759117e+002
    9.20017639e+002 1.07407196e+002 9.68807190e+002 9.83441162e+001
    1.01734314e+003 8.96588669e+001 1.06453870e+003 8.15736160e+001
    1.11032922e+003 7.34485626e+001 5.86107483e+002 2.16772156e+002
    6.34056274e+002 2.06455521e+002 6.83015747e+002 1.96281357e+002
    7.32782349e+002 1.86500717e+002 7.83062073e+002 1.76817413e+002
    8.33616394e+002 1.67576935e+002 8.84563904e+002 1.58825287e+002
    9.35422729e+002 1.50365463e+002 9.85890625e+002 1.42520844e+002
    1.03543335e+003 1.35185852e+002 1.08408484e+003 1.28248764e+002
    1.13124963e+003 1.21697762e+002 1.17677710e+003 1.15537727e+002
    5.92087463e+002 2.54230698e+002 6.40975830e+002 2.44976990e+002
    6.90834473e+002 2.35789169e+002 7.41643555e+002 2.26987549e+002
    7.92910950e+002 2.18494827e+002 8.44631775e+002 2.10385864e+002
    8.96756714e+002 2.02660706e+002 9.48671509e+002 1.95537186e+002
    1.00050555e+003 1.88797974e+002 1.05139685e+003 1.82820374e+002
    1.10159509e+003 1.77220001e+002 1.15013367e+003 1.72104309e+002
    1.19721069e+003 1.67718079e+002 5.96595886e+002 2.93031281e+002
    6.46420349e+002 2.84879059e+002 6.97030579e+002 2.76942688e+002
    7.48635803e+002 2.69376953e+002 8.00888184e+002 2.61974121e+002
    8.53730225e+002 2.55114182e+002 9.07134277e+002 2.48597946e+002
    9.60218506e+002 2.42648575e+002 1.01311469e+003 2.37281311e+002
    1.06538855e+003 2.32564331e+002 1.11667847e+003 2.28454193e+002
    1.16660645e+003 2.25144592e+002 1.21488550e+003 2.22350922e+002
    5.99346863e+002 3.33376404e+002 6.50051697e+002 3.26355865e+002
    7.01643433e+002 3.19614258e+002 7.53962280e+002 3.13311127e+002
    8.07226807e+002 3.07157013e+002 8.61061646e+002 3.01594604e+002
    9.15471252e+002 2.96422699e+002 9.69682129e+002 2.91780548e+002
    1.02353815e+003 2.87854492e+002 1.07694507e+003 2.84502899e+002
    1.12896753e+003 2.82105194e+002 1.18015247e+003 2.80106506e+002
    1.22973120e+003 2.79115265e+002 6.00475525e+002 3.74958069e+002
    6.51896423e+002 3.69183228e+002 7.04399902e+002 3.63775085e+002
    7.57579834e+002 3.58761536e+002 8.11500610e+002 3.53977631e+002
    8.66165222e+002 3.49656647e+002 9.21441223e+002 3.45959045e+002
    9.76732971e+002 3.42815979e+002 1.03149023e+003 3.40368896e+002
    1.08604419e+003 3.38615814e+002 1.13903894e+003 3.37708832e+002
    1.19102673e+003 3.37364716e+002 1.24100879e+003 3.38352142e+002
    6.00017761e+002 4.17750916e+002 6.51854065e+002 4.13419830e+002
    7.05206177e+002 4.09273438e+002 7.59234131e+002 4.05558411e+002
    8.13878357e+002 4.02418030e+002 8.69307922e+002 3.99614014e+002
    9.25345520e+002 3.97228394e+002 9.81325073e+002 3.95626984e+002
    1.03713452e+003 3.94771820e+002 1.09235364e+003 3.94625122e+002
    1.14601160e+003 3.95244110e+002 1.19841797e+003 3.97012207e+002
    1.24912012e+003 3.99637604e+002 5.97641663e+002 4.61574310e+002
    6.50137878e+002 4.58828156e+002 7.03846619e+002 4.56241547e+002
    7.58748413e+002 4.54049255e+002 8.14228699e+002 4.52228058e+002
    8.70139832e+002 4.50998291e+002 9.26739868e+002 4.50360535e+002
    9.83472473e+002 4.50370178e+002 1.03964746e+003 4.51001038e+002
    1.09573682e+003 4.52527344e+002 1.15001025e+003 4.54842224e+002
    1.20296228e+003 4.58453491e+002 1.25430188e+003 4.63124939e+002
    5.93236938e+002 5.06610596e+002 6.46317749e+002 5.05204437e+002
    7.00629028e+002 5.04182129e+002 7.55800659e+002 5.03594269e+002
    8.12063538e+002 5.03442780e+002 8.68693054e+002 5.03854797e+002
    9.25660583e+002 5.04829803e+002 9.82786560e+002 5.06599487e+002
    1.03949792e+003 5.08930511e+002 1.09566516e+003 5.12310181e+002
    1.15036072e+003 5.16460999e+002 1.20353174e+003 5.21809814e+002
    1.25458765e+003 5.28782288e+002 5.86753967e+002 5.52259705e+002
    6.40245911e+002 5.52515198e+002 6.95149414e+002 5.53168091e+002
    7.50735535e+002 5.54136047e+002 8.07088806e+002 5.55793213e+002
    8.64362488e+002 5.57857727e+002 9.21897217e+002 5.60593384e+002
    9.79277466e+002 5.64088196e+002 1.03597388e+003 5.68188416e+002
    1.09249817e+003 5.73291199e+002 1.14680908e+003 5.79456909e+002
    1.19992261e+003 5.86905457e+002 1.25087805e+003 5.96011108e+002
    5.78082031e+002 5.98771545e+002 6.31923828e+002 6.00463318e+002
    6.86944275e+002 6.02930786e+002 7.43137512e+002 6.05602722e+002
    7.99776489e+002 6.08891235e+002 8.56925171e+002 6.12713196e+002
    9.14974426e+002 6.17199097e+002 9.72470459e+002 6.22540222e+002
    1.02937781e+003 6.28521179e+002 1.08540649e+003 6.35704712e+002
    1.13971545e+003 6.43639404e+002 1.19241565e+003 6.53195313e+002
    1.24315137e+003 6.64368652e+002 5.67101624e+002 6.45564514e+002
    6.21110168e+002 6.48958740e+002 6.76271545e+002 6.53045776e+002
    7.32524536e+002 6.57539856e+002 7.89476501e+002 6.62465759e+002
    8.46750122e+002 6.68353699e+002 9.04388550e+002 6.74797974e+002
    9.61943115e+002 6.81942261e+002 1.01879602e+003 6.89825684e+002
    1.07473657e+003 6.98777222e+002 1.12846204e+003 7.08769714e+002
    1.18069482e+003 7.20256592e+002 1.22941492e+003 7.34259766e+002
    5.53798767e+002 6.92459534e+002 6.07596497e+002 6.97825623e+002
    6.62952759e+002 7.03582581e+002 7.18960938e+002 7.09997925e+002
    7.75761719e+002 7.16861816e+002 8.32946350e+002 7.24430664e+002
    8.90498962e+002 7.32686523e+002 9.47673462e+002 7.41812500e+002
    1.00374609e+003 7.51758179e+002 1.05907141e+003 7.62679565e+002
    1.11226367e+003 7.74568909e+002 1.16281934e+003 7.88577576e+002
    1.20940674e+003 8.04333801e+002</data></cam_pts>
<!-- blobs in projector coordinate system -->
